266337478
266337450
266337299
266337284
266337267
266337197
266337153
266337146
266337139
266337103
266337073
266337044
266337005
266336919
266336864
266336825
266336797
266336742
266336736
266336655
266337641
266337640
266337616
266337594
266337568
266337796
266337792
266337717
266337698
266337933
266337859
266337835
266338109
266338037
266337979
266337969
266338259
266338252
266338225
266338218
266338213
266338210
266338183
266338414
266338382
266338294
266338568
266338552
266338546
266338525
266338492
266338459
266338736
266338617
266338846
266338760
266339041
266339016
266339014
266338972
266338908
266338883
266338880
266339177
266339091
266339084
266339349
266339305
266339261
266339202
266339506
266339498
266339467
266339436
266339413
266339691
266339686
266339655
266339651
266339601
266339580
266339526
266339826
266339789
266339750
266340010
266339997
266339934
266339935
266339925
266339868
266339834
266340089
266340054
266340050
266340041
266340294
266340291
266340270
266340259
266340231
266340173
266340467
266340382
266340335
266340612
266340563
266340539
266340500
266340796
266340709
266340705
266340961
266340860
266340814
266340812
266341088
266341048
266341009
266341000
266341234
266341188
266341445
266341408
266341571
266341533
266341496
266341461
266341595
266341766
266341720
266341696
266341687
266341631
266341902
266341837
266341802
266342055
266342044
266342021
266342014
266342013
266341965
266342280
266342245
266342150
266342402
266342380
266342533
266342499
266342438
266342436
266342433
266342779
266342654
266342650
266342634
266342606
266342886
266342860
266342849
266343060
266343024
266342987
266343264
266343202
266343128
